140.998 -0.264798 -0.086028 -2.571261 0.008171 0.029618 -0.046706 0.998436
141.033 -0.264802 -0.086028 -2.571259 0.008168 0.029621 -0.046706 0.998436
141.087 -0.264790 -0.086032 -2.571258 0.008167 0.029616 -0.046707 0.998436
141.143 -0.264803 -0.086029 -2.571261 0.008168 0.029622 -0.046708 0.998436
141.187 -0.264795 -0.086032 -2.571258 0.008163 0.029617 -0.046708 0.998436
141.241 -0.264797 -0.086027 -2.571263 0.008170 0.029619 -0.046705 0.998436
141.299 -0.264781 -0.086033 -2.571261 0.008175 0.029611 -0.046706 0.998436
141.337 -0.264808 -0.086033 -2.571258 0.008162 0.029623 -0.046713 0.998436
141.393 -0.264797 -0.086027 -2.571260 0.008168 0.029618 -0.046705 0.998436
141.444 -0.264807 -0.086025 -2.571273 0.008179 0.029625 -0.046705 0.998436
141.498 -0.264785 -0.086033 -2.571267 0.008181 0.029614 -0.046710 0.998436
141.534 -0.264804 -0.086034 -2.571258 0.008163 0.029621 -0.046712 0.998436
141.588 -0.264798 -0.086025 -2.571259 0.008164 0.029621 -0.046703 0.998436
141.642 -0.264780 -0.086028 -2.571261 0.008174 0.029612 -0.046703 0.998436
141.696 -0.264797 -0.086035 -2.571260 0.008167 0.029620 -0.046713 0.998436
141.748 -0.264806 -0.086026 -2.571266 0.008171 0.029624 -0.046707 0.998436
141.784 -0.264801 -0.086023 -2.571263 0.008172 0.029621 -0.046705 0.998436
141.84 -0.264804 -0.086029 -2.571262 0.008167 0.029622 -0.046709 0.998436
141.897 -0.264805 -0.086035 -2.571258 0.008161 0.029622 -0.046713 0.998436
141.936 -0.264791 -0.086028 -2.571258 0.008170 0.029615 -0.046705 0.998436
142.0 -0.264811 -0.086025 -2.571266 0.008171 0.029624 -0.046706 0.998436
142.038 -0.264800 -0.086031 -2.571255 0.008162 0.029619 -0.046709 0.998436
142.092 -0.264808 -0.086027 -2.571256 0.008161 0.029623 -0.046706 0.998436
142.129 -0.264808 -0.086024 -2.571257 0.008164 0.029623 -0.046704 0.998436
142.187 -0.264800 -0.086031 -2.571258 0.008164 0.029619 -0.046707 0.998436
142.242 -0.264795 -0.086032 -2.571260 0.008170 0.029617 -0.046707 0.998436
142.3 -0.264799 -0.086030 -2.571258 0.008167 0.029618 -0.046707 0.998436
142.336 -0.264824 -0.086028 -2.571264 0.008162 0.029630 -0.046707 0.998436
142.393 -0.264811 -0.086024 -2.571265 0.008167 0.029625 -0.046704 0.998436
142.446 -0.264814 -0.086027 -2.571267 0.008169 0.029626 -0.046707 0.998436
142.484 -0.264813 -0.086026 -2.571267 0.008172 0.029626 -0.046708 0.998436
142.539 -0.264810 -0.086028 -2.571263 0.008166 0.029624 -0.046706 0.998436
142.595 -0.264801 -0.086029 -2.571260 0.008165 0.029620 -0.046705 0.998436
142.632 -0.264799 -0.086027 -2.571264 0.008173 0.029620 -0.046705 0.998436
142.689 -0.264821 -0.086027 -2.571266 0.008166 0.029630 -0.046708 0.998436
142.744 -0.264804 -0.086027 -2.571261 0.008167 0.029622 -0.046705 0.998436
142.798 -0.264792 -0.086029 -2.571261 0.008172 0.029617 -0.046704 0.998436
142.838 -0.264806 -0.086030 -2.571261 0.008166 0.029623 -0.046708 0.998436
142.895 -0.264818 -0.086028 -2.571261 0.008160 0.029629 -0.046708 0.998436
142.949 -0.264802 -0.086026 -2.571265 0.008171 0.029621 -0.046703 0.998436
142.986 -0.264798 -0.086030 -2.571260 0.008166 0.029618 -0.046707 0.998436
143.043 -0.264808 -0.086033 -2.571258 0.008161 0.029622 -0.046710 0.998436
143.098 -0.264802 -0.086024 -2.571263 0.008174 0.029619 -0.046703 0.998436
143.135 -0.264809 -0.086028 -2.571261 0.008166 0.029622 -0.046706 0.998436
143.191 -0.264811 -0.086028 -2.571259 0.008165 0.029623 -0.046709 0.998436
143.246 -0.264794 -0.086029 -2.571258 0.008171 0.029615 -0.046706 0.998436
143.284 -0.264807 -0.086029 -2.571260 0.008167 0.029621 -0.046706 0.998436
143.34 -0.264814 -0.086028 -2.571262 0.008165 0.029625 -0.046706 0.998436
143.394 -0.264792 -0.086029 -2.571265 0.008175 0.029615 -0.046705 0.998436
143.449 -0.264813 -0.086033 -2.571264 0.008164 0.029625 -0.046710 0.998436
143.488 -0.264803 -0.086029 -2.571258 0.008163 0.029621 -0.046708 0.998436
143.542 -0.264807 -0.086023 -2.571269 0.008173 0.029625 -0.046702 0.998436
143.599 -0.264809 -0.086031 -2.571267 0.008168 0.029626 -0.046708 0.998436
143.635 -0.264804 -0.086032 -2.571258 0.008162 0.029623 -0.046710 0.998436
143.691 -0.264808 -0.086025 -2.571261 0.008164 0.029625 -0.046705 0.998436
143.745 -0.264795 -0.086027 -2.571267 0.008173 0.029619 -0.046703 0.998436
143.8 -0.264806 -0.086031 -2.571262 0.008167 0.029623 -0.046710 0.998436
143.838 -0.264814 -0.086029 -2.571264 0.008164 0.029627 -0.046709 0.998436
143.884 -0.264808 -0.086027 -2.571266 0.008170 0.029624 -0.046704 0.998436
143.943 -0.264804 -0.086025 -2.571266 0.008175 0.029623 -0.046705 0.998436
143.997 -0.264810 -0.086030 -2.571265 0.008166 0.029625 -0.046710 0.998436
144.035 -0.264800 -0.086027 -2.571263 0.008170 0.029621 -0.046706 0.998436
144.089 -0.264784 -0.086030 -2.571258 0.008169 0.029613 -0.046704 0.998436
144.146 -0.264798 -0.086033 -2.571259 0.008163 0.029620 -0.046709 0.998436
144.183 -0.264802 -0.086029 -2.571262 0.008169 0.029622 -0.046707 0.998436
144.238 -0.264803 -0.086027 -2.571267 0.008169 0.029623 -0.046705 0.998436
144.297 -0.264812 -0.086031 -2.571263 0.008162 0.029627 -0.046708 0.998436
144.334 -0.264796 -0.086028 -2.571262 0.008169 0.029620 -0.046706 0.998436
144.389 -0.264787 -0.086031 -2.571260 0.008171 0.029615 -0.046705 0.998436
144.447 -0.264796 -0.086033 -2.571256 0.008162 0.029618 -0.046709 0.998436
144.483 -0.264809 -0.086027 -2.571262 0.008167 0.029624 -0.046705 0.998436
144.538 -0.264784 -0.086031 -2.571261 0.008174 0.029612 -0.046705 0.998436
144.596 -0.264788 -0.086035 -2.571259 0.008171 0.029614 -0.046710 0.998436
144.649 -0.264809 -0.086028 -2.571262 0.008167 0.029623 -0.046708 0.998436
144.688 -0.264804 -0.086025 -2.571267 0.008173 0.029622 -0.046702 0.998436
144.745 -0.264805 -0.086029 -2.571269 0.008174 0.029623 -0.046707 0.998436
144.782 -0.264799 -0.086034 -2.571260 0.008165 0.029620 -0.046712 0.998436
144.837 -0.264785 -0.086031 -2.571258 0.008168 0.029614 -0.046705 0.998436
144.895 -0.264789 -0.086029 -2.571262 0.008172 0.029617 -0.046706 0.998436
144.949 -0.264811 -0.086036 -2.571259 0.008156 0.029627 -0.046714 0.998436
144.987 -0.264796 -0.086030 -2.571259 0.008164 0.029619 -0.046706 0.998436
145.042 -0.264780 -0.086026 -2.571266 0.008179 0.029613 -0.046700 0.998436
145.1 -0.264801 -0.086036 -2.571256 0.008159 0.029622 -0.046713 0.998436
145.136 -0.264805 -0.086035 -2.571256 0.008157 0.029623 -0.046711 0.998436
145.192 -0.264792 -0.086028 -2.571259 0.008169 0.029616 -0.046703 0.998436
145.249 -0.264791 -0.086030 -2.571264 0.008176 0.029617 -0.046706 0.998436
145.285 -0.264809 -0.086031 -2.571267 0.008170 0.029625 -0.046709 0.998436
145.34 -0.264801 -0.086031 -2.571257 0.008161 0.029620 -0.046705 0.998436
145.397 -0.264801 -0.086027 -2.571261 0.008167 0.029621 -0.046704 0.998436
145.431 -0.264800 -0.086030 -2.571262 0.008169 0.029620 -0.046706 0.998436
145.489 -0.264810 -0.086031 -2.571266 0.008167 0.029624 -0.046709 0.998436
145.545 -0.264813 -0.086024 -2.571267 0.008171 0.029625 -0.046704 0.998436
145.6 -0.264804 -0.086029 -2.571261 0.008166 0.029621 -0.046706 0.998436
145.637 -0.264805 -0.086031 -2.571261 0.008166 0.029622 -0.046708 0.998436
145.693 -0.264793 -0.086030 -2.571262 0.008172 0.029617 -0.046705 0.998436
145.732 -0.264806 -0.086029 -2.571263 0.008167 0.029623 -0.046706 0.998436
145.788 -0.264815 -0.086026 -2.571267 0.008167 0.029627 -0.046706 0.998436
145.843 -0.264795 -0.086030 -2.571261 0.008171 0.029618 -0.046706 0.998436
145.882 -0.264797 -0.086032 -2.571262 0.008169 0.029619 -0.046707 0.998436
145.938 -0.264809 -0.086027 -2.571264 0.008169 0.029624 -0.046707 0.998436
145.994 -0.264806 -0.086027 -2.571269 0.008174 0.029623 -0.046705 0.998436
146.03 -0.264796 -0.086027 -2.571263 0.008176 0.029618 -0.046708 0.998436
146.089 -0.264790 -0.086034 -2.571264 0.008173 0.029615 -0.046709 0.998436
146.145 -0.264804 -0.086029 -2.571267 0.008169 0.029623 -0.046707 0.998436
146.181 -0.264789 -0.086031 -2.571259 0.008166 0.029615 -0.046706 0.998436
146.238 -0.264787 -0.086032 -2.571260 0.008170 0.029615 -0.046707 0.998436
146.293 -0.264806 -0.086029 -2.571260 0.008167 0.029624 -0.046710 0.998436
146.348 -0.264795 -0.086028 -2.571261 0.008170 0.029619 -0.046705 0.998436
146.391 -0.264798 -0.086028 -2.571265 0.008172 0.029620 -0.046705 0.998436
146.445 -0.264796 -0.086031 -2.571266 0.008171 0.029621 -0.046708 0.998436
146.482 -0.264805 -0.086031 -2.571266 0.008167 0.029625 -0.046708 0.998436
146.54 -0.264801 -0.086028 -2.571263 0.008164 0.029623 -0.046705 0.998436
146.585 -0.264796 -0.086027 -2.571265 0.008168 0.029621 -0.046703 0.998436
146.64 -0.264798 -0.086032 -2.571266 0.008170 0.029622 -0.046708 0.998436
146.697 -0.264795 -0.086031 -2.571260 0.008167 0.029619 -0.046708 0.998436
146.733 -0.264806 -0.086028 -2.571265 0.008166 0.029624 -0.046706 0.998436
146.789 -0.264807 -0.086024 -2.571269 0.008175 0.029625 -0.046704 0.998436
146.849 -0.264804 -0.086031 -2.571264 0.008170 0.029623 -0.046709 0.998436
146.886 -0.264804 -0.086031 -2.571263 0.008168 0.029622 -0.046708 0.998436
146.941 -0.264798 -0.086027 -2.571264 0.008172 0.029620 -0.046704 0.998436
146.999 -0.264799 -0.086027 -2.571260 0.008170 0.029620 -0.046707 0.998436
147.037 -0.264812 -0.086028 -2.571270 0.008171 0.029627 -0.046707 0.998436
147.092 -0.264800 -0.086032 -2.571265 0.008170 0.029621 -0.046709 0.998436
147.134 -0.264797 -0.086033 -2.571258 0.008164 0.029618 -0.046709 0.998436
147.19 -0.264804 -0.086026 -2.571265 0.008172 0.029622 -0.046705 0.998436
147.244 -0.264799 -0.086028 -2.571266 0.008172 0.029620 -0.046706 0.998436
147.284 -0.264794 -0.086033 -2.571261 0.008170 0.029618 -0.046709 0.998436
147.34 -0.264798 -0.086032 -2.571260 0.008165 0.029620 -0.046707 0.998436
147.397 -0.264789 -0.086028 -2.571261 0.008171 0.029617 -0.046703 0.998436
147.436 -0.264784 -0.086031 -2.571259 0.008171 0.029615 -0.046705 0.998436
147.493 -0.264803 -0.086030 -2.571262 0.008164 0.029623 -0.046709 0.998436
147.547 -0.264790 -0.086029 -2.571264 0.008172 0.029618 -0.046703 0.998436
147.587 -0.264789 -0.086030 -2.571265 0.008174 0.029617 -0.046704 0.998436
147.643 -0.264802 -0.086031 -2.571263 0.008169 0.029622 -0.046710 0.998436
147.698 -0.264799 -0.086030 -2.571265 0.008171 0.029621 -0.046707 0.998436
147.736 -0.264779 -0.086030 -2.571265 0.008179 0.029611 -0.046705 0.998436
147.791 -0.264814 -0.086031 -2.571265 0.008167 0.029627 -0.046711 0.998436
147.846 -0.264801 -0.086031 -2.571257 0.008161 0.029620 -0.046706 0.998436
147.883 -0.264792 -0.086026 -2.571262 0.008173 0.029617 -0.046702 0.998436
147.939 -0.264784 -0.086034 -2.571265 0.008177 0.029614 -0.046707 0.998436
147.993 -0.264800 -0.086034 -2.571261 0.008164 0.029620 -0.046711 0.998436
148.049 -0.264796 -0.086027 -2.571260 0.008166 0.029620 -0.046703 0.998436
148.087 -0.264795 -0.086026 -2.571263 0.008171 0.029620 -0.046704 0.998436
148.142 -0.264781 -0.086035 -2.571262 0.008174 0.029613 -0.046709 0.998436
148.197 -0.264791 -0.086035 -2.571258 0.008167 0.029617 -0.046709 0.998436
148.234 -0.264799 -0.086029 -2.571263 0.008169 0.029622 -0.046705 0.998436
148.29 -0.264801 -0.086029 -2.571266 0.008168 0.029623 -0.046705 0.998436
148.349 -0.264786 -0.086032 -2.571261 0.008172 0.029615 -0.046708 0.998436
148.386 -0.264797 -0.086031 -2.571265 0.008172 0.029621 -0.046709 0.998436
148.442 -0.258131 -0.087162 -2.570545 0.008310 0.027393 -0.047356 0.998468
148.497 -0.240125 -0.089319 -2.568347 0.009813 0.022120 -0.047843 0.998562
148.537 -0.224082 -0.090317 -2.567172 0.011963 0.017727 -0.047546 0.998640
148.591 -0.200621 -0.092082 -2.566765 0.015502 0.011716 -0.047366 0.998689
148.645 -0.189964 -0.094717 -2.568803 0.017908 0.011565 -0.048610 0.998590
148.701 -0.192835 -0.096497 -2.575208 0.018464 0.017036 -0.050726 0.998397
148.741 -0.190862 -0.098690 -2.576623 0.017365 0.018735 -0.052090 0.998316
148.797 -0.185149 -0.100026 -2.574095 0.015394 0.018151 -0.052222 0.998352
148.834 -0.184641 -0.099442 -2.574367 0.014700 0.019074 -0.051580 0.998378
148.891 -0.184424 -0.098148 -2.575721 0.014062 0.020990 -0.050333 0.998413
148.947 -0.181788 -0.096980 -2.575490 0.013133 0.021405 -0.048931 0.998486
148.984 -0.181200 -0.096049 -2.575645 0.012666 0.022263 -0.047902 0.998524
149.039 -0.179567 -0.095504 -2.575290 0.011526 0.022968 -0.047149 0.998557
149.098 -0.179932 -0.095996 -2.574973 0.009938 0.024443 -0.047553 0.998520
149.134 -0.181150 -0.096829 -2.574905 0.008865 0.025765 -0.048355 0.998459
149.19 -0.183546 -0.098672 -2.574786 0.007041 0.027924 -0.050197 0.998324
149.245 -0.185715 -0.100336 -2.574194 0.005178 0.029735 -0.051790 0.998202
149.286 -0.187483 -0.101144 -2.573977 0.003992 0.031139 -0.052615 0.998121
149.333 -0.183467 -0.102436 -2.573606 0.002795 0.030411 -0.053847 0.998082
149.388 -0.171162 -0.104768 -2.573491 0.002317 0.027227 -0.055448 0.998088
149.444 -0.165839 -0.103523 -2.575616 0.003896 0.026838 -0.053825 0.998182
149.484 -0.160829 -0.102334 -2.577272 0.005659 0.026013 -0.051924 0.998296
149.54 -0.157155 -0.100668 -2.575860 0.007074 0.023974 -0.049385 0.998467
149.595 -0.159343 -0.100122 -2.573252 0.007492 0.023382 -0.047804 0.998555
149.649 -0.162159 -0.098639 -2.574127 0.008551 0.023303 -0.046308 0.998619
149.693 -0.164802 -0.097234 -2.576641 0.009868 0.023685 -0.045356 0.998641
149.747 -0.164019 -0.096001 -2.576998 0.011052 0.022070 -0.044163 0.998719
149.784 -0.164329 -0.094982 -2.576942 0.011883 0.021209 -0.043199 0.998771
149.839 -0.159192 -0.094099 -2.577933 0.013380 0.017979 -0.042727 0.998835
149.899 -0.145011 -0.095847 -2.573679 0.015620 0.013321 -0.043323 0.998850
149.936 -0.133291 -0.098196 -2.569515 0.016462 0.010274 -0.044551 0.998819
149.992 -0.113276 -0.102777 -2.563447 0.017301 0.005647 -0.047201 0.998720
150.047 -0.091640 -0.108429 -2.558717 0.017524 0.001142 -0.050604 0.998564
150.087 -0.075664 -0.113221 -2.556341 0.017112 -0.001761 -0.053612 0.998414
150.143 -0.054295 -0.120298 -2.554644 0.015761 -0.004773 -0.058299 0.998163
150.198 -0.033213 -0.127505 -2.555378 0.013820 -0.007186 -0.062756 0.997907
150.235 -0.019622 -0.132037 -2.555954 0.012556 -0.007948 -0.065397 0.997749
150.292 0.000270 -0.136397 -2.556882 0.011302 -0.007690 -0.067349 0.997636
150.35 0.019019 -0.139866 -2.559816 0.009700 -0.006033 -0.068215 0.997605
150.386 0.030547 -0.142038 -2.562835 0.008324 -0.004393 -0.068797 0.997586
150.442 0.048656 -0.145423 -2.568080 0.005868 -0.001572 -0.069610 0.997556
150.497 0.069757 -0.149683 -2.572896 0.003350 0.001243 -0.070785 0.997485
150.535 0.084975 -0.152999 -2.576611 0.001632 0.003497 -0.071801 0.997412
150.592 0.107027 -0.157818 -2.582199 -0.000443 0.008196 -0.073093 0.997291
150.649 0.129786 -0.161272 -2.586595 -0.000718 0.013612 -0.073085 0.997233
150.686 0.146992 -0.164451 -2.588754 -0.000789 0.016055 -0.073678 0.997153
150.741 0.179486 -0.172545 -2.586005 -0.001437 0.014606 -0.076769 0.996941
150.782 0.200263 -0.179187 -2.584981 -0.002153 0.014353 -0.080105 0.996681
150.838 0.224989 -0.188576 -2.585626 -0.002881 0.015297 -0.085358 0.996229
150.893 0.250335 -0.197689 -2.585580 -0.002268 0.015075 -0.089983 0.995827
150.949 0.275036 -0.206422 -2.587583 -0.000833 0.015105 -0.094175 0.995441
150.985 0.290737 -0.211068 -2.589777 0.000755 0.015475 -0.095919 0.995269
151.043 0.315629 -0.219342 -2.589512 0.001732 0.014915 -0.099296 0.994945
151.096 0.340479 -0.229530 -2.588502 0.001323 0.014104 -0.104319 0.994443
151.15 0.362330 -0.239004 -2.588781 0.001203 0.014345 -0.109116 0.993925
151.187 0.375875 -0.245837 -2.589517 0.001153 0.015249 -0.112808 0.993499
151.246 0.396658 -0.257885 -2.590437 0.000883 0.017020 -0.119747 0.992658
151.283 0.410161 -0.265896 -2.590617 0.000666 0.017785 -0.124261 0.992090
151.339 0.433203 -0.278897 -2.591648 0.000589 0.017410 -0.130880 0.991245
151.393 0.457219 -0.291313 -2.593229 0.000729 0.016405 -0.137017 0.990433
151.449 0.480481 -0.303925 -2.592753 0.000210 0.016181 -0.142702 0.989633
151.488 0.497937 -0.313113 -2.593242 -0.000262 0.015648 -0.146407 0.989101
151.544 0.524180 -0.326748 -2.594725 -0.000945 0.014145 -0.151381 0.988374
151.582 0.542417 -0.336248 -2.596392 -0.001372 0.012695 -0.154635 0.987889
151.638 0.569129 -0.350693 -2.599001 -0.002114 0.010266 -0.159592 0.987127
151.692 0.595045 -0.365208 -2.601969 -0.002991 0.007378 -0.164436 0.986356
151.747 0.620141 -0.380234 -2.604983 -0.004217 0.004790 -0.169703 0.985475
151.787 0.638570 -0.391444 -2.606717 -0.005256 0.002634 -0.173514 0.984814
151.842 0.662231 -0.405731 -2.608651 -0.006251 0.000379 -0.178265 0.983963
151.897 0.682648 -0.416885 -2.609717 -0.005324 0.000198 -0.181479 0.983380
151.934 0.697084 -0.424016 -2.610439 -0.004237 -0.000037 -0.182965 0.983110
151.989 0.718431 -0.434835 -2.611373 -0.002613 -0.000402 -0.185363 0.982667
152.039 0.737949 -0.446768 -2.611100 -0.002243 -0.001486 -0.189509 0.981875
152.095 0.758720 -0.460511 -2.610877 -0.001813 -0.002388 -0.194512 0.980896
152.149 0.778020 -0.473370 -2.611188 -0.000931 -0.002897 -0.198926 0.980010
152.187 0.790167 -0.481988 -2.611959 -0.000293 -0.002671 -0.202231 0.979334
152.245 0.810432 -0.495404 -2.611452 -0.000108 -0.002853 -0.206279 0.978489
152.283 0.822939 -0.500620 -2.611501 0.001073 -0.002184 -0.206237 0.978499
152.338 0.840780 -0.504822 -2.610986 0.003539 -0.000856 -0.203091 0.979153
152.393 0.864090 -0.519000 -2.607896 0.001292 -0.004304 -0.204522 0.978852
152.449 0.886623 -0.530972 -2.606623 -0.000090 -0.007290 -0.208470 0.978002
152.487 0.899315 -0.540006 -2.605993 -0.001690 -0.008183 -0.211476 0.977348
152.542 0.916644 -0.552301 -2.604612 -0.002783 -0.008818 -0.215331 0.976497
152.597 0.937292 -0.563821 -2.603565 -0.002241 -0.010679 -0.217064 0.976096
152.633 0.950588 -0.571293 -2.602402 -0.001753 -0.011412 -0.218112 0.975855
152.693 0.970187 -0.581334 -2.601306 -0.000361 -0.011780 -0.218886 0.975679
152.749 0.987147 -0.588425 -2.600413 0.001846 -0.011296 -0.218237 0.975829
152.786 0.998150 -0.593916 -2.599727 0.002956 -0.011071 -0.218551 0.975758
152.841 1.015094 -0.605088 -2.598298 0.003369 -0.011603 -0.221245 0.975143
152.9 1.034783 -0.621723 -2.596654 0.002048 -0.013739 -0.227291 0.973728
152.937 1.047441 -0.633632 -2.595618 0.000637 -0.015474 -0.232003 0.972592
152.992 1.066299 -0.651785 -2.594037 -0.001696 -0.018183 -0.239060 0.970833
153.048 1.085000 -0.666213 -2.592018 -0.002616 -0.020312 -0.242896 0.969836
153.085 1.096700 -0.671522 -2.590415 -0.001661 -0.020990 -0.242262 0.969982
153.141 1.113588 -0.678722 -2.587768 0.000031 -0.021952 -0.240863 0.970311
153.195 1.130184 -0.688323 -2.584388 0.000703 -0.024170 -0.241538 0.970090
153.249 1.147812 -0.701683 -2.579747 0.000114 -0.028025 -0.244770 0.969176
153.287 1.160062 -0.712328 -2.576223 -0.000815 -0.031367 -0.248015 0.968248
153.342 1.178425 -0.729760 -2.570555 -0.002714 -0.036822 -0.253819 0.966547
153.383 1.191398 -0.742987 -2.566902 -0.004436 -0.040773 -0.258449 0.965154
153.438 1.208528 -0.760030 -2.563182 -0.006841 -0.045165 -0.263910 0.963465
153.493 1.224654 -0.774458 -2.561039 -0.008773 -0.048048 -0.267627 0.962284
153.548 1.240282 -0.783662 -2.559860 -0.009186 -0.049071 -0.267541 0.962252
153.59 1.251298 -0.788668 -2.560038 -0.009157 -0.048920 -0.266304 0.962603
153.645 1.265621 -0.796055 -2.561677 -0.009845 -0.047904 -0.265403 0.962896
153.699 1.279731 -0.805023 -2.564640 -0.011648 -0.046314 -0.265823 0.962838
153.737 1.290406 -0.811562 -2.566215 -0.012890 -0.045239 -0.266076 0.962804
153.792 1.308804 -0.823401 -2.565440 -0.013766 -0.044676 -0.266714 0.962641
153.832 1.324493 -0.833266 -2.564607 -0.013963 -0.045365 -0.267032 0.962518
153.887 1.348488 -0.847225 -2.563501 -0.013325 -0.047623 -0.266684 0.962514
153.944 1.369807 -0.861839 -2.561770 -0.012779 -0.048765 -0.268040 0.962088
153.982 1.382517 -0.871109 -2.560945 -0.012312 -0.049152 -0.269287 0.961726
154.037 1.399908 -0.881732 -2.561244 -0.010905 -0.048348 -0.269402 0.961752
154.093 1.415593 -0.889618 -2.563536 -0.009173 -0.045936 -0.268209 0.962221
154.147 1.430187 -0.897944 -2.566820 -0.008310 -0.042910 -0.267834 0.962473
154.185 1.440910 -0.906247 -2.569174 -0.008889 -0.041281 -0.269266 0.962140
154.245 1.458575 -0.922254 -2.572283 -0.011257 -0.039774 -0.273403 0.961011
154.3 1.471676 -0.937160 -2.572040 -0.013084 -0.037716 -0.278705 0.959547
154.337 1.481792 -0.949389 -2.571037 -0.014549 -0.037145 -0.283242 0.958219
154.392 1.497544 -0.966551 -2.569500 -0.015752 -0.037169 -0.288770 0.956547
154.448 1.514068 -0.983547 -2.568467 -0.016024 -0.037869 -0.293312 0.955132
154.488 1.525063 -0.996291 -2.568146 -0.016073 -0.038435 -0.297262 0.953886
154.543 1.538814 -1.014129 -2.568456 -0.015705 -0.039079 -0.303408 0.951929
154.597 1.551375 -1.031715 -2.569360 -0.014718 -0.039732 -0.309759 0.949871
154.633 1.559640 -1.043700 -2.570346 -0.013777 -0.040344 -0.314073 0.948441
154.69 1.573694 -1.060647 -2.569524 -0.011607 -0.040855 -0.318627 0.946928
154.753 1.590548 -1.076065 -2.566816 -0.008503 -0.041143 -0.320617 0.946277
154.792 1.601012 -1.088077 -2.565066 -0.007909 -0.041979 -0.323438 0.945285
154.846 1.616044 -1.109268 -2.562805 -0.009105 -0.044231 -0.330085 0.942870
154.884 1.626029 -1.125096 -2.561594 -0.010761 -0.046010 -0.335471 0.940865
154.942 1.641900 -1.145727 -2.560623 -0.011889 -0.048051 -0.340526 0.938931
154.996 1.655941 -1.150871 -2.559376 -0.007746 -0.047283 -0.336249 0.940553
155.033 1.664435 -1.155848 -2.557968 -0.005854 -0.046928 -0.334916 0.941061
155.088 1.677743 -1.169088 -2.555705 -0.005278 -0.048270 -0.336555 0.940411
155.146 1.691167 -1.185568 -2.552946 -0.005814 -0.049954 -0.340241 0.938992
155.183 1.700065 -1.197875 -2.551151 -0.006841 -0.051468 -0.343525 0.937707
155.238 1.713102 -1.218132 -2.548691 -0.009281 -0.053929 -0.349605 0.935298
155.293 1.725724 -1.240309 -2.546915 -0.012716 -0.056351 -0.356906 0.932353
155.35 1.737950 -1.264142 -2.546044 -0.017097 -0.058384 -0.365120 0.928971
155.389 1.744576 -1.277932 -2.544592 -0.018812 -0.058109 -0.370405 0.926860
155.444 1.754298 -1.294712 -2.541795 -0.018832 -0.057273 -0.375450 0.924880
155.498 1.765381 -1.311304 -2.539989 -0.017679 -0.056755 -0.379174 0.923414
155.537 1.773289 -1.323057 -2.539026 -0.016458 -0.055939 -0.381753 0.922423
155.592 1.784050 -1.340106 -2.537798 -0.015070 -0.053928 -0.385885 0.920846
155.647 1.795012 -1.357800 -2.537492 -0.013810 -0.051392 -0.390156 0.919210
155.685 1.802661 -1.370014 -2.537876 -0.012693 -0.049371 -0.392936 0.918152
155.741 1.815071 -1.388611 -2.539639 -0.010124 -0.046933 -0.396291 0.916869
155.799 1.827093 -1.407520 -2.541275 -0.006743 -0.043579 -0.400077 0.915420
155.836 1.833834 -1.418784 -2.542169 -0.004632 -0.040663 -0.402882 0.914336
155.891 1.843311 -1.436536 -2.543907 -0.002204 -0.036511 -0.407770 0.912352
155.946 1.851450 -1.455540 -2.544081 -0.000951 -0.032203 -0.414363 0.909541
155.985 1.857871 -1.471422 -2.543674 -0.001002 -0.030126 -0.419804 0.907114
156.041 1.869514 -1.499071 -2.538853 -0.002304 -0.030708 -0.428200 0.903159
156.095 1.880492 -1.528177 -2.534363 -0.004386 -0.032498 -0.437149 0.898791
156.149 1.890766 -1.556158 -2.532581 -0.006406 -0.033531 -0.445060 0.894850
156.189 1.897861 -1.577203 -2.532959 -0.008248 -0.033861 -0.450991 0.891848
156.244 1.906001 -1.605187 -2.535467 -0.011021 -0.032868 -0.459328 0.887590
156.298 1.916734 -1.634726 -2.536264 -0.014390 -0.033440 -0.466188 0.883936
156.334 1.924164 -1.654009 -2.534457 -0.016600 -0.034313 -0.470151 0.881763
156.39 1.933537 -1.679953 -2.534540 -0.018765 -0.033899 -0.475778 0.878712
156.448 1.946139 -1.701948 -2.535637 -0.017758 -0.033184 -0.477013 0.878090
156.486 1.954381 -1.717218 -2.536255 -0.017621 -0.032528 -0.478206 0.877468
156.543 1.966579 -1.742788 -2.534599 -0.019065 -0.032683 -0.481196 0.875796
156.597 1.975124 -1.766744 -2.528998 -0.021534 -0.032561 -0.486381 0.872874
156.637 1.977218 -1.781568 -2.525287 -0.023016 -0.030774 -0.491698 0.869917
156.692 1.978362 -1.801070 -2.521434 -0.024475 -0.027312 -0.499688 0.865429
156.748 1.979239 -1.819980 -2.519159 -0.024851 -0.023305 -0.507331 0.861077
156.785 1.979844 -1.832257 -2.518352 -0.024513 -0.020516 -0.512120 0.858319
156.843 1.983391 -1.854505 -2.515843 -0.023737 -0.018141 -0.518619 0.854484
156.898 1.989148 -1.877739 -2.512074 -0.023025 -0.017942 -0.523469 0.851545
156.934 1.992943 -1.892752 -2.509938 -0.022485 -0.017922 -0.526455 0.849717
156.988 1.999026 -1.915305 -2.507552 -0.021194 -0.017991 -0.530463 0.847252
157.048 2.005690 -1.938719 -2.505207 -0.018899 -0.018048 -0.534179 0.844967
157.086 2.010474 -1.955711 -2.503781 -0.017956 -0.018856 -0.536716 0.843361
157.142 2.017601 -1.981801 -2.503840 -0.016906 -0.020431 -0.540432 0.840970
157.196 2.024172 -2.007691 -2.505047 -0.015934 -0.022099 -0.544228 0.838495
157.233 2.028107 -2.024881 -2.505617 -0.015485 -0.023323 -0.546977 0.836679
157.291 2.033629 -2.052099 -2.506191 -0.014798 -0.025240 -0.551645 0.833566
157.346 2.041046 -2.080563 -2.503071 -0.015681 -0.028983 -0.555049 0.831165
157.399 2.049565 -2.108401 -2.499907 -0.016609 -0.033177 -0.557201 0.829548
157.437 2.054113 -2.124531 -2.499519 -0.016437 -0.034904 -0.558596 0.828542
157.486 2.059525 -2.145338 -2.498313 -0.016910 -0.037204 -0.560729 0.826990
157.541 2.064407 -2.166000 -2.497221 -0.017375 -0.039076 -0.563181 0.825227
157.596 2.070001 -2.185200 -2.496899 -0.017206 -0.041097 -0.564608 0.824156
157.634 2.072483 -2.193953 -2.496524 -0.016178 -0.040942 -0.565236 0.823753
157.691 2.074626 -2.206249 -2.495641 -0.016365 -0.040543 -0.567075 0.822505
157.747 2.075364 -2.215004 -2.496107 -0.016998 -0.039358 -0.568973 0.821238
157.785 2.076102 -2.218860 -2.496276 -0.017511 -0.038460 -0.569543 0.820875
157.844 2.079916 -2.227280 -2.495782 -0.018911 -0.038806 -0.569298 0.820997
157.899 2.086113 -2.241486 -2.492805 -0.020322 -0.041083 -0.568584 0.821348
157.935 2.091684 -2.253817 -2.489435 -0.021408 -0.043255 -0.567717 0.821808
157.992 2.102369 -2.275858 -2.484463 -0.023484 -0.047112 -0.566050 0.822688
158.049 2.113328 -2.297980 -2.480818 -0.025500 -0.050193 -0.564136 0.823760
158.086 2.119720 -2.310837 -2.478224 -0.026291 -0.050853 -0.563019 0.824459
158.142 2.127623 -2.330099 -2.474215 -0.027517 -0.050863 -0.562733 0.824614
158.198 2.135289 -2.349355 -2.470979 -0.028169 -0.050149 -0.562793 0.824594
158.234 2.139844 -2.360289 -2.470119 -0.027828 -0.049123 -0.562620 0.824785
158.292 2.146916 -2.376776 -2.470429 -0.026247 -0.046996 -0.562260 0.825207
158.348 2.153571 -2.391942 -2.472329 -0.023579 -0.044554 -0.561850 0.825702
158.385 2.157931 -2.401749 -2.474358 -0.021230 -0.042794 -0.561560 0.826056
158.441 2.164588 -2.416406 -2.478522 -0.016796 -0.039996 -0.561060 0.826638
158.499 2.173187 -2.432440 -2.482925 -0.011356 -0.037948 -0.559494 0.827887
158.537 2.181563 -2.445500 -2.483565 -0.008315 -0.037843 -0.557151 0.829507
158.591 2.197345 -2.469055 -2.479442 -0.006747 -0.040455 -0.552791 0.832310
158.649 2.213422 -2.488244 -2.477089 -0.004017 -0.041953 -0.546949 0.836105
158.69 2.225036 -2.501306 -2.476156 -0.002236 -0.042646 -0.542614 0.838896
158.745 2.239056 -2.518620 -2.474474 -0.001116 -0.042465 -0.537813 0.841993
158.799 2.252041 -2.534763 -2.474075 -0.000430 -0.041151 -0.533620 0.844723
158.837 2.260553 -2.546357 -2.474011 -0.000635 -0.039730 -0.530951 0.846471
158.892 2.273530 -2.563614 -2.474151 -0.001604 -0.037591 -0.527253 0.848875
158.949 2.287199 -2.580600 -2.475338 -0.002816 -0.034858 -0.522994 0.851618
158.986 2.293815 -2.587076 -2.474227 -0.003105 -0.030490 -0.520593 0.853255
159.041 2.307202 -2.601821 -2.473629 -0.005126 -0.026857 -0.516221 0.856019
159.097 2.321964 -2.616162 -2.474716 -0.007025 -0.023333 -0.510685 0.859422
159.134 2.331831 -2.625343 -2.474675 -0.008136 -0.020560 -0.507030 0.861645
159.19 2.348077 -2.642208 -2.473556 -0.010264 -0.017149 -0.502226 0.864505
159.245 2.364397 -2.660141 -2.472618 -0.011832 -0.014374 -0.497795 0.867095
159.298 2.383624 -2.682578 -2.470341 -0.013353 -0.013897 -0.493268 0.869664
159.342 2.396362 -2.696177 -2.470114 -0.013621 -0.013781 -0.489980 0.871519
159.398 2.415975 -2.715885 -2.470498 -0.013215 -0.014354 -0.484549 0.874546
159.434 2.429030 -2.728918 -2.470624 -0.012950 -0.015199 -0.481043 0.876469
159.489 2.446245 -2.750023 -2.467564 -0.014599 -0.016258 -0.478224 0.877966
159.546 2.462047 -2.768951 -2.464975 -0.016018 -0.016400 -0.475662 0.879329
159.583 2.473117 -2.780432 -2.464051 -0.016412 -0.016744 -0.473063 0.880716
159.639 2.490271 -2.797454 -2.460962 -0.017466 -0.016982 -0.468523 0.883116
159.695 2.507247 -2.812104 -2.458503 -0.018072 -0.015990 -0.463303 0.885871
159.732 2.518628 -2.821311 -2.457429 -0.018460 -0.014916 -0.459592 0.887813
159.789 2.536859 -2.836091 -2.455686 -0.019817 -0.013159 -0.453872 0.890749
159.842 2.553624 -2.849396 -2.455337 -0.021189 -0.010705 -0.448610 0.893412
159.898 2.572868 -2.864638 -2.455876 -0.022840 -0.008115 -0.443036 0.896176
159.935 2.586517 -2.877614 -2.453884 -0.024670 -0.008107 -0.439915 0.897664
159.993 2.607001 -2.896027 -2.450492 -0.026951 -0.006990 -0.435511 0.899752
160.048 2.628376 -2.914672 -2.449419 -0.028932 -0.006882 -0.430950 0.901885
160.086 2.642964 -2.926205 -2.449082 -0.029351 -0.007058 -0.427463 0.903529
160.142 2.665189 -2.942899 -2.449397 -0.029019 -0.007456 -0.421775 0.906206
160.188 2.683624 -2.956475 -2.450066 -0.028203 -0.007935 -0.417112 0.908383
160.245 2.706455 -2.973522 -2.451246 -0.026840 -0.008482 -0.411717 0.910877
160.3 2.727085 -2.989634 -2.452238 -0.025571 -0.008391 -0.407543 0.912789
160.338 2.740333 -3.000721 -2.452338 -0.025011 -0.007906 -0.405332 0.913793
160.395 2.761376 -3.018804 -2.451834 -0.024413 -0.007589 -0.402281 0.915159
160.438 2.776861 -3.031498 -2.451853 -0.023696 -0.006884 -0.399794 0.916273
160.493 2.797871 -3.047467 -2.451618 -0.022343 -0.006190 -0.395825 0.918033
160.549 2.819797 -3.062138 -2.452298 -0.020302 -0.005910 -0.390808 0.920229
160.585 2.834305 -3.071047 -2.452387 -0.018609 -0.005718 -0.387141 0.921815
160.642 2.856819 -3.084046 -2.452332 -0.015664 -0.005032 -0.381025 0.924418
160.698 2.879545 -3.096572 -2.452593 -0.012614 -0.004523 -0.374866 0.926982
160.734 2.893901 -3.104552 -2.452903 -0.010735 -0.003991 -0.371139 0.928507
160.789 2.916054 -3.117980 -2.452834 -0.008410 -0.003383 -0.366291 0.930456
160.847 2.939270 -3.132823 -2.453363 -0.006472 -0.002280 -0.361899 0.932192
160.883 2.953630 -3.142181 -2.453440 -0.005636 -0.001977 -0.359379 0.933173
160.938 2.977804 -3.158186 -2.451762 -0.005624 -0.002815 -0.355470 0.934666
160.993 3.004567 -3.175445 -2.448010 -0.007891 -0.006120 -0.351472 0.936145
161.049 3.029533 -3.189907 -2.446604 -0.010026 -0.008299 -0.346056 0.938124
161.089 3.046613 -3.197877 -2.446743 -0.011135 -0.009135 -0.341446 0.939791
161.144 3.068603 -3.206283 -2.446872 -0.012133 -0.008838 -0.334299 0.942347
161.198 3.090671 -3.213792 -2.446364 -0.012353 -0.008109 -0.326112 0.945216
161.236 3.106502 -3.218093 -2.446442 -0.011845 -0.007385 -0.319888 0.947352
161.294 3.130012 -3.223274 -2.446064 -0.009742 -0.005492 -0.310076 0.950646
161.349 3.157483 -3.231754 -2.443362 -0.007225 -0.007095 -0.301206 0.953505
161.387 3.178159 -3.239037 -2.441627 -0.005407 -0.009713 -0.295666 0.955227
161.442 3.203753 -3.247164 -2.441269 -0.002405 -0.011232 -0.288673 0.957359
161.498 3.226054 -3.259855 -2.440600 -0.001805 -0.011439 -0.286934 0.957880
161.536 3.241904 -3.272604 -2.439991 -0.002911 -0.012413 -0.288559 0.957377
161.592 3.264398 -3.290254 -2.438938 -0.003947 -0.013497 -0.290577 0.956748
161.646 3.285967 -3.302007 -2.436719 -0.002264 -0.014646 -0.288571 0.957344
161.683 3.299407 -3.307778 -2.435184 -0.000253 -0.014842 -0.286174 0.958063
161.742 3.319463 -3.312796 -2.432889 0.004375 -0.014053 -0.279980 0.959893
161.797 3.336738 -3.313463 -2.431669 0.009892 -0.011951 -0.271965 0.962182
161.833 3.343814 -3.310857 -2.432107 0.014148 -0.008296 -0.266604 0.963667
161.889 3.353840 -3.309247 -2.431947 0.019425 -0.004331 -0.260522 0.965263
161.946 3.371445 -3.323007 -2.426806 0.018431 -0.007236 -0.256385 0.966372
161.984 3.382926 -3.333616 -2.425964 0.016924 -0.009457 -0.253767 0.967071
162.039 3.394986 -3.340308 -2.427813 0.017646 -0.009586 -0.251373 0.967682
162.096 3.399149 -3.342508 -2.431444 0.018521 -0.005996 -0.251125 0.967759
162.15 3.412824 -3.352261 -2.432049 0.015020 -0.008664 -0.251490 0.967705
162.187 3.423609 -3.357201 -2.432502 0.013013 -0.010723 -0.252014 0.967577
162.242 3.439222 -3.366593 -2.433045 0.008496 -0.012601 -0.252485 0.967481
162.3 3.456841 -3.376777 -2.434633 0.003231 -0.014153 -0.252656 0.967447
162.338 3.470453 -3.384418 -2.435466 -0.000678 -0.015558 -0.252596 0.967447
162.393 3.490685 -3.395179 -2.434106 -0.005719 -0.017854 -0.252269 0.967476
162.449 3.507920 -3.404495 -2.430233 -0.008748 -0.017674 -0.251759 0.967589
162.489 3.520958 -3.411874 -2.428195 -0.010509 -0.017566 -0.251806 0.967561
162.544 3.538971 -3.422077 -2.426570 -0.012113 -0.017022 -0.251894 0.967529
162.599 3.557123 -3.432331 -2.426346 -0.012775 -0.016068 -0.251965 0.967519
162.637 3.570851 -3.440072 -2.426566 -0.012768 -0.015903 -0.251973 0.967519
162.692 3.592394 -3.451946 -2.427569 -0.012086 -0.016589 -0.251809 0.967559
162.749 3.614371 -3.463657 -2.429582 -0.010213 -0.017086 -0.251400 0.967679
162.786 3.628343 -3.471167 -2.431060 -0.008353 -0.017260 -0.251160 0.967756
162.842 3.649934 -3.483101 -2.434400 -0.005022 -0.017775 -0.251179 0.967764
162.888 3.665763 -3.492708 -2.435276 -0.002388 -0.016835 -0.251799 0.967630
162.946 3.686801 -3.503914 -2.434374 0.000960 -0.015440 -0.251524 0.967728
162.984 3.700908 -3.511224 -2.434235 0.003004 -0.014428 -0.251135 0.967840
163.038 3.721584 -3.521891 -2.433885 0.005659 -0.013160 -0.250524 0.968004
163.093 3.742879 -3.533075 -2.433382 0.007974 -0.011874 -0.250064 0.968124
163.131 3.757973 -3.541174 -2.433182 0.009315 -0.011134 -0.249883 0.968167
163.19 3.781941 -3.554347 -2.432672 0.011035 -0.010361 -0.249851 0.968166
163.245 3.804703 -3.567148 -2.432569 0.012326 -0.010017 -0.250071 0.968097
163.299 3.827044 -3.579895 -2.432437 0.013392 -0.009834 -0.250384 0.968004
163.337 3.842504 -3.588739 -2.432205 0.014064 -0.009625 -0.250625 0.967934
163.393 3.865094 -3.601549 -2.431780 0.014979 -0.009301 -0.250859 0.967863
163.449 3.887510 -3.613993 -2.431377 0.015842 -0.008953 -0.250859 0.967853
163.486 3.902192 -3.621975 -2.431153 0.016390 -0.008685 -0.250725 0.967881
163.54 3.923532 -3.633370 -2.430853 0.017128 -0.008291 -0.250358 0.967966
163.598 3.945712 -3.645168 -2.430166 0.017735 -0.007514 -0.249952 0.968067
163.634 3.959379 -3.652527 -2.429269 0.017908 -0.006992 -0.249707 0.968131
163.688 3.981187 -3.664340 -2.429532 0.017914 -0.006937 -0.249253 0.968248
163.743 4.003910 -3.676313 -2.430044 0.017797 -0.007167 -0.248916 0.968335
163.798 4.026815 -3.688679 -2.431075 0.017413 -0.007710 -0.248804 0.968367
163.837 4.042945 -3.697684 -2.431635 0.016920 -0.008121 -0.248900 0.968347
163.892 4.065518 -3.710542 -2.432173 0.016002 -0.008703 -0.249244 0.968269
163.947 4.087896 -3.723512 -2.432673 0.014888 -0.009293 -0.249744 0.968153
163.983 4.102486 -3.732053 -2.432933 0.014073 -0.009703 -0.250125 0.968063
164.038 4.124815 -3.745285 -2.433058 0.012667 -0.010135 -0.250815 0.967899
164.095 4.147342 -3.758654 -2.433181 0.011092 -0.010594 -0.251494 0.967737
164.149 4.167458 -3.769718 -2.432283 0.010675 -0.010109 -0.251434 0.967763
164.187 4.180917 -3.776254 -2.431622 0.011555 -0.009163 -0.250705 0.967951
164.244 4.201180 -3.786016 -2.431238 0.013840 -0.007588 -0.249434 0.968263
164.299 4.222197 -3.796567 -2.431869 0.016572 -0.006720 -0.248613 0.968438
164.337 4.237141 -3.804967 -2.432568 0.018294 -0.006290 -0.248788 0.968365
164.393 4.258561 -3.819177 -2.432756 0.019787 -0.005647 -0.250751 0.967833
164.448 4.279588 -3.834987 -2.432762 0.019561 -0.005457 -0.254141 0.966954
164.484 4.293160 -3.846066 -2.433174 0.018687 -0.005421 -0.256973 0.966223
164.539 4.310351 -3.860692 -2.432554 0.018324 -0.004410 -0.261094 0.965129
164.594 4.324765 -3.874467 -2.432189 0.017567 -0.003602 -0.265882 0.963839
164.649 4.336395 -3.885194 -2.431436 0.016356 -0.002385 -0.268099 0.963250
164.687 4.344424 -3.890219 -2.431046 0.015771 -0.001792 -0.268090 0.963263
164.744 4.355766 -3.894439 -2.431295 0.015605 -0.001021 -0.265996 0.963847
164.798 4.366963 -3.897252 -2.431421 0.016225 -0.001631 -0.262832 0.964704
164.834 4.374459 -3.900263 -2.431707 0.016400 -0.002461 -0.261346 0.965103
164.89 4.390998 -3.909647 -2.429693 0.015679 -0.004746 -0.261095 0.965174
164.946 4.409697 -3.921676 -2.427120 0.014647 -0.006815 -0.262230 0.964870
165.0 4.426925 -3.933199 -2.426362 0.014773 -0.008470 -0.263417 0.964532
165.038 4.439462 -3.941800 -2.426189 0.015629 -0.009194 -0.264363 0.964253
165.094 4.457646 -3.954813 -2.426315 0.017340 -0.009652 -0.266096 0.963742
165.149 4.476182 -3.969004 -2.426782 0.018849 -0.009306 -0.268618 0.963017
165.187 4.488334 -3.978825 -2.427238 0.019617 -0.008443 -0.270700 0.962427
165.242 4.506610 -3.993962 -2.428424 0.020651 -0.006653 -0.274101 0.961456
165.3 4.526119 -4.011248 -2.430209 0.021468 -0.004393 -0.278412 0.960212
165.337 4.540297 -4.024587 -2.429965 0.020843 -0.004053 -0.281791 0.959241
165.391 4.558655 -4.043962 -2.429844 0.019657 -0.002392 -0.287575 0.957553
165.447 4.576276 -4.064266 -2.430458 0.017805 -0.000559 -0.294113 0.955605
165.49 4.589425 -4.080031 -2.430999 0.016266 0.001167 -0.299239 0.954039
165.545 4.606346 -4.099772 -2.431480 0.014577 0.003331 -0.305133 0.952192
165.591 4.621501 -4.116299 -2.431090 0.013281 0.004731 -0.309294 0.950862
165.646 4.639546 -4.135279 -2.431265 0.012252 0.006593 -0.313506 0.949484
165.683 4.651398 -4.147975 -2.432059 0.011815 0.008019 -0.316392 0.948521
165.74 4.670071 -4.169061 -2.431600 0.010488 0.009519 -0.321491 0.946807
165.795 4.686139 -4.189052 -2.431877 0.009367 0.011561 -0.327008 0.944904
165.849 4.702019 -4.208970 -2.431574 0.008288 0.013154 -0.332328 0.943036
165.887 4.713475 -4.222581 -2.431627 0.007860 0.014067 -0.335476 0.941911
165.946 4.733763 -4.243740 -2.431183 0.007620 0.014040 -0.338822 0.940715
165.983 4.746804 -4.257209 -2.430676 0.007504 0.013545 -0.340778 0.940016
166.038 4.764574 -4.277816 -2.429997 0.007239 0.013155 -0.344898 0.938520
166.095 4.779355 -4.298202 -2.430261 0.007228 0.013681 -0.350416 0.936467
166.134 4.788513 -4.312177 -2.430929 0.007600 0.014444 -0.354605 0.934874
166.189 4.802725 -4.333979 -2.431550 0.008080 0.014081 -0.360945 0.932446
166.243 4.818466 -4.355675 -2.431498 0.008723 0.012553 -0.366059 0.930466
166.297 4.834517 -4.376847 -2.431979 0.009835 0.010794 -0.370312 0.928792
166.338 4.845672 -4.392715 -2.432226 0.010482 0.009394 -0.373898 0.927363
166.393 4.860506 -4.414434 -2.432357 0.011417 0.007424 -0.378835 0.925364
166.447 4.875904 -4.436866 -2.432824 0.012142 0.004835 -0.383574 0.923417
166.485 4.886418 -4.451833 -2.433334 0.012694 0.002894 -0.386462 0.922214
166.542 4.902994 -4.475341 -2.435057 0.013313 -0.000585 -0.390615 0.920458
166.597 4.919252 -4.498899 -2.438484 0.013274 -0.004585 -0.394632 0.918732
166.634 4.928551 -4.514034 -2.439143 0.012636 -0.006363 -0.397826 0.917352
166.688 4.939764 -4.535222 -2.439119 0.010993 -0.007028 -0.403395 0.914933
166.747 4.950905 -4.557518 -2.440634 0.008874 -0.006731 -0.409400 0.912287
166.784 4.957925 -4.571872 -2.442105 0.007272 -0.006109 -0.413192 0.910594
166.839 4.969869 -4.594811 -2.443911 0.004025 -0.005765 -0.418435 0.908220
166.894 4.982918 -4.617795 -2.445030 0.000497 -0.005994 -0.422746 0.906228
166.932 4.991634 -4.633341 -2.445587 -0.001581 -0.005895 -0.425392 0.904988
166.988 5.003382 -4.654190 -2.446260 -0.003750 -0.005570 -0.428938 0.903309
167.045 5.018030 -4.674889 -2.444635 -0.004469 -0.006193 -0.430268 0.902669
167.082 5.029585 -4.688913 -2.443690 -0.004569 -0.007679 -0.430203 0.902688
167.141 5.047500 -4.711750 -2.441683 -0.004779 -0.010344 -0.430628 0.902458
167.197 5.060159 -4.734494 -2.438958 -0.006424 -0.012024 -0.434525 0.900556
167.234 5.068864 -4.750034 -2.436677 -0.007545 -0.013752 -0.437077 0.899287
167.29 5.086419 -4.776141 -2.431955 -0.009067 -0.018864 -0.439285 0.898104
167.343 5.095425 -4.798746 -2.427817 -0.011426 -0.020895 -0.442954 0.896228
167.399 5.092632 -4.814359 -2.426632 -0.013312 -0.017477 -0.448812 0.893356
167.435 5.088357 -4.820196 -2.427959 -0.013486 -0.013755 -0.453259 0.891171
167.492 5.081093 -4.823322 -2.433599 -0.011674 -0.006706 -0.459837 0.887901
167.548 5.083648 -4.832736 -2.431590 -0.013576 -0.005766 -0.462841 0.886319
167.585 5.085543 -4.837083 -2.429767 -0.014922 -0.005169 -0.463429 0.885993
167.64 5.086093 -4.837814 -2.430626 -0.015149 -0.002352 -0.463363 0.886036
167.699 5.085372 -4.835967 -2.434432 -0.014046 0.001713 -0.462928 0.886283
167.735 5.086504 -4.836863 -2.435094 -0.014097 0.003044 -0.462546 0.886478
167.79 5.089487 -4.838874 -2.433540 -0.015137 0.004104 -0.461380 0.887064
167.844 5.090956 -4.838518 -2.433984 -0.015464 0.006091 -0.460084 0.887720
167.883 5.092248 -4.838778 -2.433834 -0.015949 0.007209 -0.459289 0.888115
167.938 5.094677 -4.840393 -2.432935 -0.016561 0.007514 -0.458333 0.888595
167.992 5.096953 -4.841779 -2.432803 -0.016527 0.007003 -0.457425 0.889067
168.047 5.098556 -4.842418 -2.433929 -0.015773 0.006314 -0.456603 0.889508
168.086 5.099879 -4.843341 -2.434409 -0.015356 0.005326 -0.456163 0.889748
168.142 5.101786 -4.844063 -2.434530 -0.014947 0.003753 -0.455222 0.890245
168.197 5.103466 -4.843780 -2.435004 -0.014438 0.002357 -0.453919 0.890923
168.234 5.104445 -4.843333 -2.435365 -0.014097 0.001478 -0.453016 0.891390
168.298 5.105280 -4.841824 -2.435496 -0.013394 0.000362 -0.451631 0.892104
168.335 5.105322 -4.840925 -2.435539 -0.013079 -0.000149 -0.451115 0.892370
168.391 5.104752 -4.839630 -2.435598 -0.012780 -0.000752 -0.450845 0.892511
168.448 5.103333 -4.838319 -2.435525 -0.012697 -0.001135 -0.451164 0.892350
168.486 5.101959 -4.837399 -2.435425 -0.012738 -0.001268 -0.451666 0.892095
168.541 5.099423 -4.835879 -2.435175 -0.012853 -0.001277 -0.452675 0.891582
168.596 5.096637 -4.834387 -2.434864 -0.012996 -0.001245 -0.453867 0.890974
168.633 5.094869 -4.833409 -2.434721 -0.013074 -0.001319 -0.454628 0.890585
168.689 5.092847 -4.831952 -2.434655 -0.013034 -0.001656 -0.455348 0.890216
168.743 5.091694 -4.830564 -2.434730 -0.012810 -0.002372 -0.455501 0.890140
168.799 5.091297 -4.829320 -2.434887 -0.012444 -0.003437 -0.455199 0.890296
168.839 5.091259 -4.828462 -2.435034 -0.012112 -0.004363 -0.454828 0.890486
168.896 5.091383 -4.827328 -2.435265 -0.011595 -0.005735 -0.454211 0.890800
168.95 5.091519 -4.826269 -2.435504 -0.011071 -0.007085 -0.453614 0.891101
168.988 5.091564 -4.825525 -2.435651 -0.010698 -0.008096 -0.453230 0.891293
169.045 5.091357 -4.824394 -2.435843 -0.010171 -0.009509 -0.452834 0.891486
169.1 5.090661 -4.823225 -2.435812 -0.009702 -0.010714 -0.452719 0.891536
169.137 5.089958 -4.822482 -2.435780 -0.009431 -0.011456 -0.452837 0.891470
169.193 5.088785 -4.821435 -2.435738 -0.009067 -0.012578 -0.453134 0.891307
169.249 5.087779 -4.820374 -2.435703 -0.008660 -0.013789 -0.453328 0.891195
169.286 5.087266 -4.819575 -2.435628 -0.008297 -0.014620 -0.453275 0.891212
169.342 5.086501 -4.818464 -2.435424 -0.007827 -0.015779 -0.453220 0.891225
169.398 5.084763 -4.817218 -2.435314 -0.007907 -0.015854 -0.453790 0.890933
169.436 5.084062 -4.816291 -2.435315 -0.007930 -0.015772 -0.453816 0.890921
169.491 5.083563 -4.815087 -2.435470 -0.008000 -0.015560 -0.453576 0.891046
169.546 5.082858 -4.814210 -2.435542 -0.008144 -0.015169 -0.453624 0.891027
169.585 5.082318 -4.813727 -2.435478 -0.008276 -0.014911 -0.453741 0.890970
169.642 5.081786 -4.812997 -2.435498 -0.008360 -0.014643 -0.453734 0.890977
169.697 5.081502 -4.812382 -2.435519 -0.008394 -0.014511 -0.453619 0.891038
169.734 5.081225 -4.812003 -2.435539 -0.008425 -0.014410 -0.453621 0.891038
169.792 5.080714 -4.811452 -2.435545 -0.008494 -0.014267 -0.453699 0.891000
169.848 5.080285 -4.810873 -2.435544 -0.008532 -0.014200 -0.453705 0.890998
169.884 5.080025 -4.810457 -2.435557 -0.008528 -0.014179 -0.453677 0.891013
169.941 5.079590 -4.809832 -2.435548 -0.008534 -0.014184 -0.453661 0.891021
169.999 5.079061 -4.809163 -2.435552 -0.008524 -0.014194 -0.453691 0.891005
170.037 5.078719 -4.808726 -2.435545 -0.008515 -0.014228 -0.453705 0.890998
170.092 5.078249 -4.808074 -2.435542 -0.008474 -0.014310 -0.453703 0.890998
170.149 5.077792 -4.807432 -2.435523 -0.008424 -0.014439 -0.453698 0.890999
170.186 5.077480 -4.807029 -2.435521 -0.008386 -0.014531 -0.453707 0.890993
170.242 5.077047 -4.806449 -2.435514 -0.008324 -0.014705 -0.453720 0.890984
170.297 5.076664 -4.805895 -2.435510 -0.008249 -0.014910 -0.453714 0.890984
170.334 5.076400 -4.805522 -2.435518 -0.008193 -0.015053 -0.453711 0.890984
170.391 5.075995 -4.804969 -2.435514 -0.008108 -0.015289 -0.453718 0.890977
170.445 5.075610 -4.804444 -2.435499 -0.008021 -0.015522 -0.453728 0.890969
170.483 5.075223 -4.804042 -2.435424 -0.008028 -0.015563 -0.453790 0.890936
170.541 5.074733 -4.803398 -2.435460 -0.008036 -0.015529 -0.453807 0.890929
170.596 5.074413 -4.802816 -2.435496 -0.008039 -0.015481 -0.453735 0.890966
170.633 5.074180 -4.802448 -2.435525 -0.008045 -0.015441 -0.453710 0.890979
170.689 5.073791 -4.801953 -2.435505 -0.008074 -0.015396 -0.453730 0.890970
170.745 5.073377 -4.801443 -2.435504 -0.008089 -0.015360 -0.453759 0.890955
170.8 5.073034 -4.800936 -2.435514 -0.008080 -0.015368 -0.453740 0.890965
170.837 5.072811 -4.800595 -2.435519 -0.008067 -0.015386 -0.453727 0.890971
170.895 5.072426 -4.800093 -2.435510 -0.008060 -0.015427 -0.453739 0.890965
170.931 5.072167 -4.799761 -2.435513 -0.008047 -0.015456 -0.453752 0.890957
170.987 5.071783 -4.799250 -2.435493 -0.008030 -0.015498 -0.453764 0.890951
171.035 5.071435 -4.798805 -2.435488 -0.008037 -0.015496 -0.453782 0.890942
171.089 5.071086 -4.798301 -2.435498 -0.008041 -0.015486 -0.453766 0.890950
171.144 5.070733 -4.797788 -2.435503 -0.008045 -0.015470 -0.453750 0.890958
171.183 5.070462 -4.797411 -2.435528 -0.008036 -0.015452 -0.453752 0.890958
171.237 5.070120 -4.796950 -2.435507 -0.008045 -0.015470 -0.453755 0.890956
171.292 5.069737 -4.796452 -2.435498 -0.008043 -0.015477 -0.453767 0.890950
171.347 5.069352 -4.795921 -2.435512 -0.008030 -0.015477 -0.453775 0.890945
171.384 5.069092 -4.795579 -2.435509 -0.008037 -0.015478 -0.453776 0.890945
171.441 5.068718 -4.795052 -2.435510 -0.008038 -0.015475 -0.453771 0.890948
171.497 5.068342 -4.794532 -2.435509 -0.008040 -0.015472 -0.453769 0.890949
171.536 5.068082 -4.794171 -2.435509 -0.008038 -0.015473 -0.453773 0.890947
171.592 5.067696 -4.793654 -2.435515 -0.008038 -0.015473 -0.453775 0.890946
171.648 5.067313 -4.793137 -2.435509 -0.008040 -0.015474 -0.453778 0.890944
171.688 5.067045 -4.792770 -2.435501 -0.008042 -0.015477 -0.453781 0.890943
171.741 5.066688 -4.792268 -2.435509 -0.008036 -0.015480 -0.453781 0.890943
171.797 5.066302 -4.791754 -2.435508 -0.008041 -0.015479 -0.453783 0.890941
171.834 5.066047 -4.791411 -2.435502 -0.008042 -0.015475 -0.453786 0.890940
171.891 5.065661 -4.790878 -2.435508 -0.008039 -0.015472 -0.453788 0.890939
171.947 5.065282 -4.790354 -2.435515 -0.008038 -0.015474 -0.453786 0.890940
171.984 5.065023 -4.790005 -2.435507 -0.008039 -0.015470 -0.453788 0.890939
