1689247205459723095 8.791690 -8.172948 5.971319 0.120547 0.144657 0.168766 0.968367
1689247205463143376 2.050000 2.050000 2.050000 0.000000 0.000000 0.000000 1.000000
1689247205659634933 2.316369 1.647123 2.205059 0.004912 0.005894 0.006877 1.000053
1689247205859615597 2.587475 1.237080 2.362878 0.009913 0.011896 0.013879 1.000000
1689247206059605400 2.858602 0.826998 2.520714 0.014915 0.017898 0.020881 0.999837
1689247206259680175 3.129858 0.416717 2.678629 0.019916 0.023900 0.027883 0.999564
1689247206459623004 3.400952 0.006675 2.836455 0.024910 0.029892 0.034874 0.999180
1689247206659656742 3.672190 -0.403591 2.994371 0.029900 0.035880 0.041860 0.998687
1689247206859674895 3.943431 -0.813871 3.152295 0.034880 0.041856 0.048832 0.998082
1689247207059622823 4.214606 -1.224056 3.310187 0.039848 0.047817 0.055787 0.997368
1689247207259730748 4.486031 -1.634627 3.468230 0.044806 0.053768 0.062729 0.996543
1689247207459662647 4.757253 -2.044900 3.626162 0.049745 0.059694 0.069643 0.995608
1689247207659666565 5.028615 -2.455391 3.784182 0.054668 0.065602 0.076535 0.994563
1689247207859660085 5.300008 -2.865935 3.942224 0.059571 0.071486 0.083400 0.993407
1689247208059623628 5.571411 -3.276499 4.100277 0.064452 0.077342 0.090232 0.992141
1689247208259592594 5.842876 -3.687162 4.258371 0.069308 0.083170 0.097032 0.990765
1689247208459613538 6.114472 -4.098026 4.416542 0.074140 0.088968 0.103796 0.989279
1689247208659625966 6.386121 -4.508971 4.574747 0.078943 0.094731 0.110520 0.987682
1689247208859626101 6.657823 -4.919997 4.732982 0.083715 0.100458 0.117201 0.985975
1689247209059621648 6.929593 -5.331125 4.891255 0.088454 0.106145 0.123836 0.984158
1689247209259619462 7.201447 -5.742375 5.049573 0.093159 0.111791 0.130423 0.982232
1689247209459591306 7.473351 -6.153694 5.207916 0.097826 0.117392 0.136957 0.980195
1689247209659714016 7.745551 -6.565452 5.366423 0.102458 0.122950 0.143442 0.978048
1689247209859741818 8.017718 -6.977150 5.524901 0.107047 0.128456 0.149866 0.975792
1689247210059692982 8.289883 -7.388829 5.683365 0.111591 0.133909 0.156227 0.973427
1689247210259619788 8.562123 -7.800603 5.841858 0.116089 0.139307 0.162524 0.970954
1689247210459612640 8.834565 -8.212664 6.000451 0.120541 0.144650 0.168758 0.968370
1689247210463013330 2.060000 2.060000 2.060000 0.000000 0.000000 0.000000 1.000000
1689247210659624568 2.327839 1.654900 2.215915 0.004915 0.005898 0.006881 1.000053
1689247210859588866 2.600252 1.242879 2.374495 0.009916 0.011899 0.013882 1.000000
1689247211059615726 2.872760 0.830710 2.533134 0.014918 0.017902 0.020886 0.999837
1689247211259626808 3.145260 0.418548 2.691773 0.019918 0.023902 0.027886 0.999564
1689247211459627845 3.417763 0.006375 2.850419 0.024914 0.029896 0.034879 0.999180
1689247211659608321 3.690258 -0.405793 3.009067 0.029902 0.035882 0.041863 0.998686
1689247211859620229 3.962821 -0.818071 3.167760 0.034882 0.041858 0.048835 0.998082
1689247212059615362 4.235390 -1.230366 3.326463 0.039851 0.047821 0.055791 0.997368
1689247212259593831 4.507969 -1.642682 3.485178 0.044806 0.053767 0.062729 0.996543
1689247212459586151 4.780603 -2.055091 3.643932 0.049746 0.059696 0.069645 0.995608
1689247212659609304 5.053321 -2.467632 3.802741 0.054670 0.065604 0.076538 0.994563
1689247212859592177 5.326030 -2.880166 3.961549 0.059573 0.071487 0.083402 0.993407
1689247213059673868 5.598924 -3.292985 4.120470 0.064456 0.077347 0.090239 0.992140
1689247213259612468 5.871678 -3.705597 4.279313 0.069312 0.083174 0.097037 0.990764
1689247213459617013 6.144581 -4.118438 4.438246 0.074143 0.088972 0.103800 0.989278
