1377.24 16.456602 7.023189 -2.482691 0.041664 -0.075892 -0.354956 0.930865
1377.741 16.444269 7.035016 -2.485433 0.041281 -0.075625 -0.354473 0.931088
1378.24 16.421473 7.053999 -2.487697 0.039555 -0.074965 -0.355348 0.930883
1378.741 16.420364 7.057665 -2.479939 0.036343 -0.082563 -0.353060 0.931242
1379.241 16.444424 7.045568 -2.481874 0.039260 -0.079701 -0.347012 0.933643
1379.74 16.526606 6.982443 -2.460761 0.037915 -0.083404 -0.340628 0.935724
1380.24 16.612789 6.933592 -2.433603 0.032772 -0.092774 -0.323832 0.940984
1380.74 16.702806 6.861527 -2.394483 0.026165 -0.112663 -0.322258 0.939560
1381.24 16.789911 6.796092 -2.370459 0.006480 -0.123025 -0.320998 0.939033
1381.741 16.864193 6.763576 -2.404179 0.010850 -0.081215 -0.307333 0.948068
1382.241 16.934130 6.718833 -2.396913 0.028574 -0.072259 -0.302899 0.949850
1382.741 17.034773 6.648146 -2.387533 0.025691 -0.068587 -0.302323 0.950388
1383.24 17.128614 6.577344 -2.378624 0.028892 -0.073539 -0.304796 0.949135
1383.74 17.219608 6.515941 -2.368874 0.035152 -0.076408 -0.302006 0.949589
1384.24 17.259462 6.480865 -2.360252 0.035387 -0.078865 -0.306986 0.947780
1384.74 17.336000 6.421436 -2.339312 0.033880 -0.084589 -0.308534 0.946839
1385.242 17.403473 6.332584 -2.322356 0.035815 -0.086976 -0.334366 0.937738
1385.74 17.474329 6.230850 -2.314504 0.041199 -0.080565 -0.361782 0.927861
1386.24 17.538494 6.134811 -2.301006 0.049443 -0.077427 -0.383034 0.919155
1386.742 17.596579 6.042083 -2.284832 0.049369 -0.081476 -0.402613 0.910399
1387.24 17.642761 5.953514 -2.273007 0.043115 -0.086350 -0.422934 0.901006
1387.74 17.688265 5.866094 -2.263219 0.033235 -0.092775 -0.439718 0.892713
1388.241 17.726738 5.770661 -2.252628 0.022849 -0.095155 -0.462447 0.881230
1388.741 17.759037 5.660228 -2.245779 0.025730 -0.092547 -0.489502 0.866696
1389.24 17.788895 5.547725 -2.238915 0.027321 -0.090125 -0.514194 0.852488
1389.74 17.818419 5.425472 -2.234380 0.030961 -0.088340 -0.537064 0.838331
1390.241 17.840799 5.301332 -2.230484 0.035209 -0.090229 -0.558850 0.823593
1390.74 17.849785 5.213567 -2.221834 0.048388 -0.085856 -0.576753 0.810952
1391.24 17.863426 5.170381 -2.212405 0.063462 -0.087689 -0.574477 0.811332
1391.74 17.901493 5.069458 -2.205685 0.045125 -0.090095 -0.574444 0.812318
1392.242 17.932531 4.961109 -2.192001 0.021991 -0.096796 -0.580007 0.808541
1392.74 17.962086 4.856879 -2.183072 0.024817 -0.096868 -0.583410 0.805998
1393.24 17.999426 4.755645 -2.175194 0.044843 -0.095297 -0.579210 0.808346
1393.74 18.034260 4.623055 -2.169591 0.045900 -0.094982 -0.586120 0.803327
1394.24 18.071253 4.511311 -2.158603 0.049696 -0.096269 -0.583729 0.804688
1394.74 18.095837 4.443017 -2.150486 0.038948 -0.100070 -0.582011 0.806060
1395.24 18.147467 4.337094 -2.131185 0.038649 -0.106859 -0.569516 0.814087
1395.74 18.204269 4.264632 -2.112470 0.047210 -0.111327 -0.545947 0.829048
1396.24 18.275520 4.170696 -2.099290 0.034995 -0.114639 -0.526594 0.841624
1396.74 18.346813 4.083736 -2.079864 0.038357 -0.119440 -0.505470 0.853676
1397.24 18.420948 3.997936 -2.057406 0.043126 -0.122929 -0.485224 0.864630
1397.741 18.451956 3.953761 -2.047676 0.041916 -0.116827 -0.481931 0.867374
1398.24 18.481884 3.881028 -2.032330 0.045848 -0.119580 -0.490283 0.862103
1398.74 18.530846 3.789421 -2.018338 0.036107 -0.110277 -0.493910 0.861736
1399.24 18.590775 3.687366 -1.997568 0.031795 -0.116168 -0.492681 0.861835
1399.74 18.653833 3.577240 -1.984167 0.031499 -0.116801 -0.493184 0.861472
1400.24 18.719402 3.468063 -1.962644 0.032687 -0.121066 -0.490906 0.862140
1400.74 18.768538 3.367311 -1.935394 0.038123 -0.131891 -0.494800 0.858093
1401.24 18.798538 3.294027 -1.918581 0.038292 -0.130323 -0.501870 0.854211
1401.74 18.822205 3.222096 -1.911055 0.037022 -0.124573 -0.514097 0.847830
1402.24 18.846165 3.104478 -1.906532 0.035964 -0.114021 -0.540692 0.832681
1402.74 18.864237 2.976634 -1.897573 0.035590 -0.113616 -0.565518 0.816097
1403.24 18.874861 2.883066 -1.880694 0.035720 -0.120569 -0.581887 0.803489
1403.741 18.870192 2.760094 -1.867209 0.047121 -0.125514 -0.609057 0.781713
1404.24 18.870733 2.647503 -1.855058 0.042982 -0.128343 -0.627411 0.766835
1404.74 18.880068 2.563079 -1.852643 0.038484 -0.113545 -0.633941 0.764032
1405.24 18.882158 2.480869 -1.840652 0.036431 -0.120687 -0.642074 0.756207
1405.741 18.889006 2.359682 -1.835761 0.031889 -0.121834 -0.650723 0.748799
1406.24 18.908741 2.240560 -1.819965 0.039352 -0.123354 -0.647150 0.751287
1406.741 18.915703 2.120966 -1.797973 0.042541 -0.136164 -0.651727 0.744917
1407.24 18.924747 2.005189 -1.790213 0.033698 -0.131269 -0.656448 0.742098
1407.74 18.933311 1.915939 -1.784912 0.032593 -0.119196 -0.658938 0.741978
1408.241 18.948681 1.823296 -1.774237 0.035648 -0.115459 -0.654658 0.746205
1408.74 18.964018 1.727968 -1.761049 0.030592 -0.109947 -0.651781 0.749771
1409.24 19.004099 1.614422 -1.745378 0.026066 -0.108311 -0.635276 0.764208
